2016 01 01 05 41
2016 01 02 01 09
2016 01 05 17 42
2016 01 10 00 20
2016 01 11 16 15
2016 01 11 22 32
2016 01 12 19 33
2016 01 14 00 19
2016 01 16 19 22
2016 01 16 20 40
2016 01 19 04 31
2016 01 19 18 11
2016 01 22 06 52
2016 01 23 11 39
2016 01 24 09 33
2016 01 24 18 29
2016 01 25 10 10
2016 01 26 09 38
2016 01 28 18 23
2016 02 01 02 40
2016 02 01 12 07
2016 02 03 03 33
2016 02 03 09 34
2016 02 04 06 16
2016 02 04 09 02
2016 02 05 06 30
2016 02 08 15 18
2016 02 12 02 07
2016 02 12 03 37
2016 02 12 14 22
2016 02 14 07 49
2016 02 15 05 28
2016 02 15 11 49
2016 02 15 22 16
2016 02 16 11 39
2016 02 17 21 45
2016 02 17 22 00
2016 02 19 06 43
2016 02 21 12 18
2016 02 22 08 18
2016 02 23 17 28
2016 02 24 20 28
2016 02 24 22 29
2016 02 24 22 48
2016 02 26 09 14
2016 02 26 19 49
2016 02 27 14 57
2016 02 28 00 55
2016 02 28 05 04
2016 02 28 23 20
2016 03 01 03 23
2016 03 01 04 20
2016 03 02 22 40
2016 03 03 08 42
2016 03 03 15 39
2016 03 04 04 13
2016 03 04 08 31
2016 03 04 11 01
2016 03 04 11 45
2016 03 04 21 34
2016 03 05 17 11
2016 03 05 20 27
2016 03 08 01 17
2016 03 09 19 56
2016 03 09 21 00
2016 03 10 19 36
2016 03 10 23 24
2016 03 11 02 24
2016 03 11 06 29
2016 03 11 22 37
2016 03 12 10 11
2016 03 12 10 32
2016 03 12 17 37
2016 03 14 16 57
2016 03 16 09 36
2016 03 18 08 35
2016 03 18 10 03
2016 03 18 18 14
2016 03 19 03 29
2016 03 19 12 25
2016 03 21 05 01
2016 03 24 05 11
2016 03 24 13 30
2016 03 25 06 46
2016 03 27 07 44
2016 04 01 08 23
2016 04 01 20 07
2016 04 02 22 34
2016 04 03 01 31
2016 04 04 09 57
2016 04 04 10 59
2016 04 04 17 28
2016 04 04 20 23
2016 04 05 21 50
2016 04 06 08 36
2016 04 06 09 37
2016 04 06 23 59
2016 04 07 11 48
2016 04 07 18 44
2016 04 09 05 35
2016 04 09 09 10
2016 04 11 09 20
2016 04 11 10 03
2016 04 12 02 48
2016 04 12 21 51
2016 04 13 13 36
2016 04 14 02 47
2016 04 15 18 00
2016 04 16 04 08
2016 04 17 16 37
2016 04 20 10 54
2016 04 20 23 49
2016 04 22 05 48
2016 04 23 11 43
2016 04 24 12 32
2016 04 25 18 24
2016 04 27 14 45
2016 04 27 23 04
2016 04 28 13 02
2016 04 28 19 19
2016 05 01 23 34
2016 05 03 19 01
2016 05 04 20 34
2016 05 04 22 43
2016 05 06 03 40
2016 05 06 19 34
2016 05 07 05 18
2016 05 07 15 18
2016 05 08 06 30
2016 05 09 15 20
2016 05 10 19 46
2016 05 12 07 00
2016 05 12 10 19
2016 05 12 20 20
2016 05 13 17 16
2016 05 14 01 05
2016 05 14 11 04
2016 05 18 00 49
2016 05 18 02 46
2016 05 18 18 27
2016 05 19 12 15
2016 05 19 13 33
2016 05 20 13 50
2016 05 20 15 31
2016 05 21 01 22
2016 05 22 02 50
2016 05 25 21 17
2016 05 26 12 01
2016 05 27 07 54
2016 05 28 03 12
2016 05 28 12 39
2016 06 04 02 06
2016 06 04 10 40
2016 06 04 23 52
2016 06 06 07 59
2016 06 06 09 41
2016 06 06 10 57
2016 06 06 22 04
2016 06 07 12 17
2016 06 07 19 02
2016 06 08 00 08
2016 06 08 05 37
2016 06 08 06 51
2016 06 10 02 07
2016 06 10 10 14
2016 06 10 13 30
2016 06 11 04 34
2016 06 12 03 35
2016 06 12 07 45
2016 06 12 18 43
2016 06 12 21 28
2016 06 13 00 31
2016 06 13 18 30
2016 06 15 01 53
2016 06 16 11 06
2016 06 17 07 47
2016 06 17 17 55
2016 06 17 20 02
2016 06 19 09 08
2016 06 21 13 34
2016 06 22 09 13
2016 06 23 10 05
2016 06 24 11 27
2016 06 25 06 02
2016 06 25 21 45
2016 06 26 16 27
2016 07 02 06 54
2016 07 02 17 46
2016 07 02 20 32
2016 07 04 11 58
2016 07 07 04 02
2016 07 07 10 26
2016 07 08 04 04
2016 07 08 05 00
2016 07 09 00 37
2016 07 09 21 41
2016 07 09 22 04
2016 07 10 03 40
2016 07 11 02 53
2016 07 13 23 02
2016 07 14 09 55
2016 07 14 18 40
2016 07 15 02 56
2016 07 16 05 59
2016 07 18 02 42
2016 07 18 07 01
2016 07 18 12 49
2016 07 18 23 16
2016 07 19 00 52
2016 07 21 21 58
2016 07 22 10 35
2016 07 24 18 27
2016 07 27 23 30
2016 08 01 10 29
2016 08 01 15 29
2016 08 02 17 48
2016 08 02 23 45
2016 08 05 14 01
2016 08 10 04 59
2016 08 10 18 24
2016 08 11 08 36
2016 08 12 10 23
2016 08 12 19 11
2016 08 16 02 54
2016 08 16 05 56
2016 08 17 20 32
2016 08 18 08 26
2016 08 18 11 42
2016 08 19 07 10
2016 08 21 03 53
2016 08 21 16 49
2016 08 22 04 11
2016 08 22 09 40
2016 08 23 02 28
2016 08 23 04 05
2016 08 23 11 43
2016 08 23 16 17
2016 08 24 05 15
2016 08 25 10 21
2016 08 28 04 46
2016 09 03 15 39
2016 09 03 22 36
2016 09 04 19 51
2016 09 04 23 02
2016 09 06 12 05
2016 09 07 18 58
2016 09 08 12 19
2016 09 08 12 41
2016 09 08 14 38
2016 09 08 18 16
2016 09 09 07 00
2016 09 09 16 49
2016 09 09 16 55
2016 09 10 02 02
2016 09 10 08 53
2016 09 11 12 20
2016 09 11 20 16
2016 09 11 23 31
2016 09 12 03 44
2016 09 12 09 47
2016 09 13 14 49
2016 09 13 15 30
2016 09 14 09 35
2016 09 15 08 43
2016 09 17 07 56
2016 09 18 16 12
2016 09 19 00 40
2016 09 20 09 41
2016 09 20 17 37
2016 09 20 20 16
2016 09 25 15 23
2016 09 26 16 46
2016 09 26 18 10
2016 09 26 23 04
2016 09 28 03 10
2016 09 28 06 56
2016 09 28 13 52
2016 10 02 05 03
2016 10 02 22 14
2016 10 02 22 14
2016 10 03 02 17
2016 10 07 20 08
2016 10 08 01 24
2016 10 08 09 49
2016 10 09 14 21
2016 10 09 22 10
2016 10 11 07 51
2016 10 12 13 59
2016 10 13 05 27
2016 10 13 21 02
2016 10 15 20 33
2016 10 17 13 55
2016 10 18 11 57
2016 10 18 17 33
2016 10 19 02 20
2016 10 19 22 24
2016 10 21 07 21
2016 10 23 06 20
2016 10 24 19 51
2016 11 01 18 08
2016 11 03 09 18
2016 11 03 16 48
2016 11 03 22 39
2016 11 04 13 06
2016 11 05 00 38
2016 11 06 12 29
2016 11 06 16 31
2016 11 07 00 27
2016 11 09 11 56
2016 11 11 15 50
2016 11 11 22 48
2016 11 12 14 37
2016 11 13 03 01
2016 11 13 06 19
2016 11 13 06 39
2016 11 13 08 51
2016 11 13 11 49
2016 11 13 18 35
2016 11 13 19 00
2016 11 15 13 19
2016 11 16 18 27
2016 11 16 22 47
2016 11 18 22 55
2016 11 22 00 30
2016 11 22 09 31
2016 11 22 22 07
2016 11 23 22 04
2016 11 26 10 12
2016 11 26 14 13
2016 11 26 21 55
2016 11 27 17 26
2016 11 28 06 30
2016 11 28 09 29
2016 11 28 15 56
2016 12 01 08 30
2016 12 01 15 41
2016 12 02 07 54
2016 12 03 03 14
2016 12 04 09 34
2016 12 05 00 12
2016 12 05 05 38
2016 12 07 10 23
2016 12 07 19 37
2016 12 08 02 30
2016 12 08 04 31
2016 12 09 02 48
2016 12 09 03 15
2016 12 09 12 03
2016 12 10 19 28
2016 12 11 00 23
2016 12 12 16 27
2016 12 14 03 25
2016 12 14 07 26
2016 12 14 11 25
2016 12 17 00 04
2016 12 17 00 07
2016 12 17 02 42
2016 12 20 08 52
2016 12 21 01 57
2016 12 21 11 20
2016 12 25 20 39
2016 12 27 07 07
2016 12 27 17 24
2016 12 28 08 04
2016 12 28 12 51
